white,black
5.291930000000000000e+05,1.140071000000000000e+06
5.337450000000000000e+05,1.140691000000000000e+06
5.251860000000000000e+05,1.113214000000000000e+06
5.398360000000000000e+05,1.129428000000000000e+06
5.368150000000000000e+05,1.142801000000000000e+06
5.364770000000000000e+05,1.137959000000000000e+06
6.690940000000000000e+05,1.445022000000000000e+06
6.718340000000000000e+05,1.465610000000000000e+06
6.360640000000000000e+05,1.357680000000000000e+06
6.463730000000000000e+05,1.381403000000000000e+06
7.840430000000000000e+05,1.731353000000000000e+06
7.945610000000000000e+05,1.720835000000000000e+06
6.628480000000000000e+05,1.468752000000000000e+06
6.473360000000000000e+05,1.460968000000000000e+06
9.600540000000000000e+05,2.165770000000000000e+06
9.664010000000000000e+05,2.124163000000000000e+06
8.097560000000000000e+05,1.906148000000000000e+06
7.968560000000000000e+05,1.892744000000000000e+06
4.194990000000000000e+05,8.619250000000000000e+05
4.159210000000000000e+05,8.474550000000000000e+05
4.168830000000000000e+05,8.600170000000000000e+05
4.156810000000000000e+05,8.657430000000000000e+05
5.170440000000000000e+05,1.095856000000000000e+06
5.175310000000000000e+05,1.090293000000000000e+06
7.601160000000000000e+05,1.630000000000000000e+06
7.567720000000000000e+05,1.627164000000000000e+06
9.698280000000000000e+05,2.127772000000000000e+06
9.707440000000000000e+05,2.155080000000000000e+06
4.233660000000000000e+05,8.762340000000000000e+05
4.217100000000000000e+05,8.642460000000000000e+05
6.426480000000000000e+05,1.430952000000000000e+06
6.289960000000000000e+05,1.393088000000000000e+06
6.445780000000000000e+05,1.452126000000000000e+06
6.274850000000000000e+05,1.388915000000000000e+06
6.289000000000000000e+05,1.404576000000000000e+06
6.313120000000000000e+05,1.396464000000000000e+06
5.192070000000000000e+05,1.083549000000000000e+06
5.103900000000000000e+05,1.067146000000000000e+06
5.147870000000000000e+05,1.087969000000000000e+06
5.133060000000000000e+05,1.074294000000000000e+06
4.276650000000000000e+05,8.902390000000000000e+05
4.246840000000000000e+05,8.703600000000000000e+05
4.288120000000000000e+05,8.890920000000000000e+05
4.262450000000000000e+05,8.824910000000000000e+05
7.574990000000000000e+05,1.663637000000000000e+06
7.575700000000000000e+05,1.669794000000000000e+06
7.539650000000000000e+05,1.642339000000000000e+06
7.700470000000000000e+05,1.657317000000000000e+06
7.526800000000000000e+05,1.631256000000000000e+06
7.702740000000000000e+05,1.638430000000000000e+06
9.604070000000000000e+05,2.116109000000000000e+06
9.617270000000000000e+05,2.107777000000000000e+06
5.077400000000000000e+05,1.074824000000000000e+06
5.148850000000000000e+05,1.092939000000000000e+06
5.114880000000000000e+05,1.096336000000000000e+06
5.167040000000000000e+05,1.091120000000000000e+06
6.349600000000000000e+05,1.398516000000000000e+06
6.265630000000000000e+05,1.372833000000000000e+06
9.477070000000000000e+05,2.107797000000000000e+06
9.451820000000000000e+05,2.110322000000000000e+06
9.434040000000000000e+05,2.105112000000000000e+06
9.523090000000000000e+05,2.096207000000000000e+06
6.360890000000000000e+05,1.380311000000000000e+06
6.338280000000000000e+05,1.388256000000000000e+06
9.468620000000000000e+05,2.101654000000000000e+06
9.437800000000000000e+05,2.076864000000000000e+06
7.435190000000000000e+05,1.621925000000000000e+06
7.395000000000000000e+05,1.625944000000000000e+06
7.410110000000000000e+05,1.599889000000000000e+06
7.404980000000000000e+05,1.582078000000000000e+06
9.353980000000000000e+05,2.036778000000000000e+06
9.409670000000000000e+05,2.086633000000000000e+06
9.358610000000000000e+05,2.029423000000000000e+06
9.300910000000000000e+05,1.980345000000000000e+06
1.007194000000000000e+06,2.467302000000000000e+06
1.006025000000000000e+06,2.498359000000000000e+06
5.178290000000000000e+05,1.089995000000000000e+06
5.129910000000000000e+05,1.079653000000000000e+06
5.160250000000000000e+05,1.076619000000000000e+06
5.153650000000000000e+05,1.082331000000000000e+06
6.316190000000000000e+05,1.396157000000000000e+06
6.332180000000000000e+05,1.394558000000000000e+06
6.376940000000000000e+05,1.395782000000000000e+06
6.337470000000000000e+05,1.399729000000000000e+06
7.560390000000000000e+05,1.627897000000000000e+06
7.642740000000000000e+05,1.632030000000000000e+06
7.580570000000000000e+05,1.644443000000000000e+06
7.578470000000000000e+05,1.613753000000000000e+06
6.262730000000000000e+05,1.339331000000000000e+06
6.226440000000000000e+05,1.331760000000000000e+06
6.255210000000000000e+05,1.328883000000000000e+06
6.284750000000000000e+05,1.353989000000000000e+06
1.012158000000000000e+06,2.492226000000000000e+06
1.010944000000000000e+06,2.471012000000000000e+06
5.095140000000000000e+05,1.068022000000000000e+06
5.081520000000000000e+05,1.089544000000000000e+06
7.543480000000000000e+05,1.648152000000000000e+06
7.368590000000000000e+05,1.579625000000000000e+06
7.489180000000000000e+05,1.641198000000000000e+06
7.417930000000000000e+05,1.623651000000000000e+06
6.261180000000000000e+05,1.373278000000000000e+06
6.403570000000000000e+05,1.381727000000000000e+06
6.301470000000000000e+05,1.346689000000000000e+06
6.464590000000000000e+05,1.415637000000000000e+06
9.405990000000000000e+05,2.080045000000000000e+06
9.535750000000000000e+05,2.101929000000000000e+06
5.026410000000000000e+05,1.059859000000000000e+06
5.010400000000000000e+05,1.046496000000000000e+06
5.112910000000000000e+05,1.086405000000000000e+06
5.055250000000000000e+05,1.061979000000000000e+06
5.013010000000000000e+05,1.041263000000000000e+06
5.036260000000000000e+05,1.058874000000000000e+06
5.145150000000000000e+05,1.103469000000000000e+06
5.150830000000000000e+05,1.077561000000000000e+06
5.041050000000000000e+05,1.053399000000000000e+06
5.060940000000000000e+05,1.056406000000000000e+06
6.324010000000000000e+05,1.389683000000000000e+06
6.266620000000000000e+05,1.384062000000000000e+06
7.365660000000000000e+05,1.592110000000000000e+06
7.408750000000000000e+05,1.618421000000000000e+06
9.306260000000000000e+05,2.069198000000000000e+06
9.266170000000000000e+05,2.059367000000000000e+06
9.341010000000000000e+05,2.093499000000000000e+06
9.304780000000000000e+05,2.048598000000000000e+06
9.361620000000000000e+05,2.063662000000000000e+06
9.396980000000000000e+05,2.053202000000000000e+06
5.140190000000000000e+05,1.088737000000000000e+06
5.164040000000000000e+05,1.081292000000000000e+06
6.335970000000000000e+05,1.440003000000000000e+06
6.400260000000000000e+05,1.427818000000000000e+06
5.090110000000000000e+05,1.073553000000000000e+06
5.127230000000000000e+05,1.090033000000000000e+06
6.117880000000000000e+05,1.325876000000000000e+06
6.060300000000000000e+05,1.320514000000000000e+06
6.403920000000000000e+05,1.415964000000000000e+06
6.447620000000000000e+05,1.446154000000000000e+06
7.499000000000000000e+05,1.677464000000000000e+06
7.486830000000000000e+05,1.653817000000000000e+06
7.573020000000000000e+05,1.632814000000000000e+06
7.503680000000000000e+05,1.670768000000000000e+06
6.359960000000000000e+05,1.352104000000000000e+06
6.402880000000000000e+05,1.387488000000000000e+06
7.607470000000000000e+05,1.666617000000000000e+06
7.611840000000000000e+05,1.647520000000000000e+06
6.225470000000000000e+05,1.359917000000000000e+06
6.194520000000000000e+05,1.329364000000000000e+06
5.103820000000000000e+05,1.082262000000000000e+06
5.079590000000000000e+05,1.074605000000000000e+06
7.370910000000000000e+05,1.646845000000000000e+06
7.534960000000000000e+05,1.655208000000000000e+06
7.363520000000000000e+05,1.647584000000000000e+06
7.560880000000000000e+05,1.652616000000000000e+06
7.434760000000000000e+05,1.621968000000000000e+06
7.421450000000000000e+05,1.611011000000000000e+06
1.039406000000000000e+06,2.654678000000000000e+06
1.049313000000000000e+06,2.629411000000000000e+06
4.190780000000000000e+05,8.578220000000000000e+05
4.177680000000000000e+05,8.456080000000000000e+05
4.202260000000000000e+05,8.611980000000000000e+05
4.182050000000000000e+05,8.541790000000000000e+05
4.168380000000000000e+05,8.736580000000000000e+05
4.157910000000000000e+05,8.341330000000000000e+05
5.000360000000000000e+05,1.052480000000000000e+06
4.850520000000000000e+05,9.984720000000000000e+05
7.420040000000000000e+05,1.635760000000000000e+06
7.414770000000000000e+05,1.587199000000000000e+06
7.525000000000000000e+05,1.619100000000000000e+06
7.624970000000000000e+05,1.671103000000000000e+06
7.535260000000000000e+05,1.636590000000000000e+06
7.511860000000000000e+05,1.676178000000000000e+06
7.513130000000000000e+05,1.614131000000000000e+06
7.504100000000000000e+05,1.608886000000000000e+06
6.269790000000000000e+05,1.400797000000000000e+06
6.076160000000000000e+05,1.357988000000000000e+06
7.530810000000000000e+05,1.606215000000000000e+06
7.507130000000000000e+05,1.633223000000000000e+06
6.365300000000000000e+05,1.368526000000000000e+06
6.204210000000000000e+05,1.362043000000000000e+06
4.447430000000000000e+05,9.194810000000000000e+05
4.501370000000000000e+05,9.517190000000000000e+05
9.350670000000000000e+05,2.023333000000000000e+06
9.172090000000000000e+05,2.041191000000000000e+06
5.046180000000000000e+05,1.057882000000000000e+06
5.029330000000000000e+05,1.054571000000000000e+06
5.221870000000000000e+05,1.100889000000000000e+06
5.205190000000000000e+05,1.117881000000000000e+06
1.028042000000000000e+06,2.536502000000000000e+06
1.023350000000000000e+06,2.541194000000000000e+06
5.207090000000000000e+05,1.102367000000000000e+06
5.154080000000000000e+05,1.092416000000000000e+06
5.210780000000000000e+05,1.117322000000000000e+06
5.188200000000000000e+05,1.104256000000000000e+06
6.180770000000000000e+05,1.330739000000000000e+06
6.157260000000000000e+05,1.327510000000000000e+06
4.221780000000000000e+05,8.728660000000000000e+05
4.205360000000000000e+05,8.563640000000000000e+05
9.439650000000000000e+05,2.111539000000000000e+06
9.348540000000000000e+05,2.099710000000000000e+06
1.048034000000000000e+06,2.630690000000000000e+06
1.056288000000000000e+06,2.591812000000000000e+06
4.154280000000000000e+05,8.524480000000000000e+05
4.150070000000000000e+05,8.483690000000000000e+05
5.082460000000000000e+05,1.064270000000000000e+06
4.995070000000000000e+05,1.053009000000000000e+06
5.066500000000000000e+05,1.070886000000000000e+06
5.072530000000000000e+05,1.080347000000000000e+06
7.320390000000000000e+05,1.548061000000000000e+06
7.281780000000000000e+05,1.564018000000000000e+06
1.118833000000000000e+06,2.303667000000000000e+06
1.048524000000000000e+06,2.381380000000000000e+06
6.365490000000000000e+05,1.396927000000000000e+06
6.367220000000000000e+05,1.379678000000000000e+06
7.470260000000000000e+05,1.612270000000000000e+06
7.420200000000000000e+05,1.611136000000000000e+06
1.125970000000000000e+06,2.318766000000000000e+06
1.127424000000000000e+06,2.339620000000000000e+06
5.105140000000000000e+05,1.082130000000000000e+06
5.113560000000000000e+05,1.081288000000000000e+06
5.107960000000000000e+05,1.071768000000000000e+06
5.121260000000000000e+05,1.070438000000000000e+06
7.560200000000000000e+05,1.652684000000000000e+06
7.619700000000000000e+05,1.628146000000000000e+06
6.186910000000000000e+05,1.324545000000000000e+06
6.207330000000000000e+05,1.333671000000000000e+06
9.223760000000000000e+05,2.056700000000000000e+06
9.269300000000000000e+05,2.065970000000000000e+06
4.129170000000000000e+05,8.414830000000000000e+05
4.116020000000000000e+05,8.427980000000000000e+05
6.334590000000000000e+05,1.360285000000000000e+06
6.244530000000000000e+05,1.409023000000000000e+06
7.368010000000000000e+05,1.591875000000000000e+06
7.368010000000000000e+05,1.616355000000000000e+06
6.247170000000000000e+05,1.346499000000000000e+06
6.261790000000000000e+05,1.350657000000000000e+06
6.319910000000000000e+05,1.390093000000000000e+06
6.270370000000000000e+05,1.383687000000000000e+06
7.405040000000000000e+05,1.575980000000000000e+06
7.448690000000000000e+05,1.565531000000000000e+06
6.269310000000000000e+05,1.327473000000000000e+06
6.323050000000000000e+05,1.367091000000000000e+06
5.197600000000000000e+05,1.088064000000000000e+06
5.238130000000000000e+05,1.104363000000000000e+06
7.784610000000000000e+05,1.667635000000000000e+06
7.798750000000000000e+05,1.672481000000000000e+06
5.216540000000000000e+05,1.284682000000000000e+06
5.236370000000000000e+05,1.255919000000000000e+06
6.320500000000000000e+05,1.390034000000000000e+06
6.303130000000000000e+05,1.357787000000000000e+06
5.330720000000000000e+05,1.120724000000000000e+06
5.310280000000000000e+05,1.133072000000000000e+06
5.124610000000000000e+05,1.095363000000000000e+06
5.086280000000000000e+05,1.094128000000000000e+06
5.291720000000000000e+05,1.114352000000000000e+06
5.306380000000000000e+05,1.107762000000000000e+06
5.361400000000000000e+05,1.133124000000000000e+06
5.281560000000000000e+05,1.115368000000000000e+06
5.293130000000000000e+05,1.139951000000000000e+06
5.286660000000000000e+05,1.130278000000000000e+06
6.643590000000000000e+05,1.490665000000000000e+06
6.629890000000000000e+05,1.492035000000000000e+06
6.569430000000000000e+05,1.462993000000000000e+06
6.603030000000000000e+05,1.465461000000000000e+06
4.374480000000000000e+05,9.127960000000000000e+05
4.360260000000000000e+05,9.142180000000000000e+05
9.472590000000000000e+05,2.108245000000000000e+06
9.423290000000000000e+05,2.085271000000000000e+06
3.212950000000000000e+05,5.585490000000000000e+05
3.088790000000000000e+05,5.192210000000000000e+05
7.744030000000000000e+05,1.684221000000000000e+06
7.639180000000000000e+05,1.675926000000000000e+06
7.670130000000000000e+05,1.641691000000000000e+06
7.640150000000000000e+05,1.657121000000000000e+06
4.179410000000000000e+05,8.862230000000000000e+05
4.205590000000000000e+05,8.927570000000000000e+05
7.660360000000000000e+05,1.642668000000000000e+06
7.595100000000000000e+05,1.630606000000000000e+06
5.119260000000000000e+05,1.055578000000000000e+06
5.120120000000000000e+05,1.050488000000000000e+06
9.425020000000000000e+05,2.099034000000000000e+06
9.576660000000000000e+05,2.118850000000000000e+06
5.114180000000000000e+05,1.086278000000000000e+06
5.139690000000000000e+05,1.088787000000000000e+06
5.072560000000000000e+05,1.085388000000000000e+06
5.164230000000000000e+05,1.096477000000000000e+06
7.549430000000000000e+05,1.653761000000000000e+06
7.556970000000000000e+05,1.653007000000000000e+06
6.337180000000000000e+05,1.354382000000000000e+06
6.176460000000000000e+05,1.297810000000000000e+06
6.302910000000000000e+05,1.374765000000000000e+06
6.456920000000000000e+05,1.422152000000000000e+06
1.132910000000000000e+06,2.341586000000000000e+06
1.120735000000000000e+06,2.286981000000000000e+06
9.501590000000000000e+05,2.091377000000000000e+06
9.429230000000000000e+05,2.084677000000000000e+06
7.583760000000000000e+05,1.644124000000000000e+06
7.486890000000000000e+05,1.610607000000000000e+06
5.071670000000000000e+05,1.080433000000000000e+06
5.068400000000000000e+05,1.065676000000000000e+06
5.302930000000000000e+05,1.144143000000000000e+06
5.408390000000000000e+05,1.201561000000000000e+06
9.442500000000000000e+05,2.069446000000000000e+06
9.444820000000000000e+05,2.090082000000000000e+06
4.307960000000000000e+05,8.779400000000000000e+05
4.328810000000000000e+05,8.850230000000000000e+05
5.233210000000000000e+05,1.109963000000000000e+06
5.281430000000000000e+05,1.100033000000000000e+06
6.565480000000000000e+05,1.445952000000000000e+06
6.531720000000000000e+05,1.443532000000000000e+06
6.470990000000000000e+05,1.438037000000000000e+06
6.490050000000000000e+05,1.441911000000000000e+06
6.622430000000000000e+05,1.463521000000000000e+06
6.565090000000000000e+05,1.451795000000000000e+06
1.028105000000000000e+06,2.543995000000000000e+06
1.028876000000000000e+06,2.565940000000000000e+06
7.758360000000000000e+05,2.773620000000000000e+06
9.197960000000000000e+05,1.997468000000000000e+06
9.304890000000000000e+05,2.055495000000000000e+06
9.393390000000000000e+05,2.074357000000000000e+06
4.154490000000000000e+05,8.389510000000000000e+05
4.148240000000000000e+05,8.440600000000000000e+05
4.136150000000000000e+05,8.497610000000000000e+05
4.106100000000000000e+05,8.170540000000000000e+05
4.325080000000000000e+05,9.130920000000000000e+05
4.309920000000000000e+05,8.915080000000000000e+05
5.161750000000000000e+05,1.071425000000000000e+06
5.131770000000000000e+05,1.089579000000000000e+06
4.224200000000000000e+05,8.590040000000000000e+05
4.148100000000000000e+05,8.530660000000000000e+05
5.322630000000000000e+05,1.121533000000000000e+06
5.352870000000000000e+05,1.165129000000000000e+06
1.186406000000000000e+06,2.484650000000000000e+06
1.191770000000000000e+06,2.525414000000000000e+06
