white,black
1.971850000000000000e+05,5.885100000000000000e+04
1.508310000000000000e+05,4.630500000000000000e+04
1.507440000000000000e+05,4.639200000000000000e+04
1.507660000000000000e+05,4.993800000000000000e+04
1.501860000000000000e+05,4.517800000000000000e+04
1.493630000000000000e+05,4.423700000000000000e+04
1.486750000000000000e+05,4.492500000000000000e+04
1.969930000000000000e+05,6.107100000000000000e+04
1.959930000000000000e+05,5.802300000000000000e+04
1.517810000000000000e+05,4.535500000000000000e+04
1.510930000000000000e+05,4.427100000000000000e+04
1.518340000000000000e+05,4.530200000000000000e+04
1.512670000000000000e+05,4.586900000000000000e+04
4.569940000000000000e+05,1.359060000000000000e+05
4.560800000000000000e+05,1.337440000000000000e+05
5.527010000000000000e+05,1.630150000000000000e+05
5.474580000000000000e+05,1.581420000000000000e+05
2.001460000000000000e+05,5.995400000000000000e+04
2.013470000000000000e+05,5.875300000000000000e+04
3.223290000000000000e+05,1.027750000000000000e+05
3.220180000000000000e+05,9.788600000000000000e+04
3.173080000000000000e+05,9.229200000000000000e+04
3.181950000000000000e+05,9.396900000000000000e+04
3.815280000000000000e+05,1.112760000000000000e+05
3.821290000000000000e+05,1.134870000000000000e+05
2.569730000000000000e+05,7.942700000000000000e+04
2.592040000000000000e+05,7.719600000000000000e+04
3.783380000000000000e+05,1.116620000000000000e+05
3.799820000000000000e+05,1.128220000000000000e+05
2.532260000000000000e+05,1.213180000000000000e+05
2.519340000000000000e+05,1.250620000000000000e+05
2.594220000000000000e+05,7.930200000000000000e+04
2.581280000000000000e+05,7.595600000000000000e+04
4.460980000000000000e+05,1.284660000000000000e+05
4.467930000000000000e+05,1.430310000000000000e+05
1.991570000000000000e+05,5.890700000000000000e+04
1.995010000000000000e+05,5.856300000000000000e+04
1.569800000000000000e+05,4.552000000000000000e+04
1.584080000000000000e+05,4.770800000000000000e+04
3.157190000000000000e+05,9.388100000000000000e+04
3.138880000000000000e+05,9.315600000000000000e+04
4.153540000000000000e+05,1.234020000000000000e+05
4.175350000000000000e+05,1.241610000000000000e+05
6.243700000000000000e+05,1.892340000000000000e+05
6.265630000000000000e+05,1.834370000000000000e+05
3.095460000000000000e+05,8.987800000000000000e+04
3.093510000000000000e+05,9.260500000000000000e+04
3.153500000000000000e+05,9.425000000000000000e+04
3.162400000000000000e+05,9.336000000000000000e+04
3.253460000000000000e+05,9.975800000000000000e+04
3.258840000000000000e+05,9.922000000000000000e+04
2.114530000000000000e+05,6.522300000000000000e+04
2.126820000000000000e+05,6.189400000000000000e+04
2.046830000000000000e+05,5.951300000000000000e+04
2.073590000000000000e+05,6.096500000000000000e+04
2.584520000000000000e+05,7.794800000000000000e+04
2.574410000000000000e+05,7.895900000000000000e+04
3.856660000000000000e+05,1.212780000000000000e+05
3.855570000000000000e+05,1.157070000000000000e+05
4.865190000000000000e+05,1.439170000000000000e+05
4.868130000000000000e+05,1.499910000000000000e+05
3.112370000000000000e+05,9.836300000000000000e+04
3.114590000000000000e+05,9.303700000000000000e+04
3.099450000000000000e+05,9.201100000000000000e+04
3.095780000000000000e+05,9.237800000000000000e+04
4.654280000000000000e+05,1.429720000000000000e+05
4.592680000000000000e+05,1.367160000000000000e+05
3.133020000000000000e+05,9.119400000000000000e+04
3.128010000000000000e+05,9.169500000000000000e+04
3.127640000000000000e+05,9.173200000000000000e+04
3.126070000000000000e+05,9.443700000000000000e+04
5.316440000000000000e+05,1.539400000000000000e+05
5.302860000000000000e+05,1.552980000000000000e+05
2.008090000000000000e+05,5.929100000000000000e+04
2.013780000000000000e+05,6.076600000000000000e+04
2.340080000000000000e+05,7.290800000000000000e+04
2.352460000000000000e+05,7.611800000000000000e+04
2.167390000000000000e+05,6.628500000000000000e+04
2.155080000000000000e+05,6.539200000000000000e+04
3.655380000000000000e+05,1.105620000000000000e+05
3.649040000000000000e+05,1.084400000000000000e+05
1.574090000000000000e+05,5.052700000000000000e+04
1.574770000000000000e+05,4.863900000000000000e+04
1.392730000000000000e+05,4.220300000000000000e+04
1.355260000000000000e+05,4.087400000000000000e+04
3.606720000000000000e+05,1.265320000000000000e+05
3.532340000000000000e+05,1.201100000000000000e+05
3.430190000000000000e+05,1.005370000000000000e+05
3.401080000000000000e+05,1.007880000000000000e+05
3.731010000000000000e+05,1.197030000000000000e+05
3.747260000000000000e+05,1.124780000000000000e+05
7.910660000000000000e+05,2.371300000000000000e+05
7.902350000000000000e+05,2.298650000000000000e+05
1.269059000000000000e+06,3.693410000000000000e+05
1.266820000000000000e+06,3.664640000000000000e+05
3.851090000000000000e+05,1.304150000000000000e+05
3.845260000000000000e+05,1.167380000000000000e+05
4.053410000000000000e+05,1.188350000000000000e+05
4.066110000000000000e+05,1.175650000000000000e+05
6.169000000000000000e+05,1.787640000000000000e+05
6.167350000000000000e+05,1.825010000000000000e+05
1.554490000000000000e+05,4.705100000000000000e+04
1.570460000000000000e+05,4.725800000000000000e+04
2.065390000000000000e+05,6.594500000000000000e+04
2.044340000000000000e+05,6.182200000000000000e+04
2.063440000000000000e+05,6.614000000000000000e+04
2.041880000000000000e+05,6.000800000000000000e+04
2.611590000000000000e+05,7.756500000000000000e+04
2.604570000000000000e+05,7.826700000000000000e+04
5.971680000000000000e+05,1.737160000000000000e+05
5.984610000000000000e+05,1.865350000000000000e+05
5.965340000000000000e+05,1.708420000000000000e+05
5.977540000000000000e+05,1.766460000000000000e+05
5.967140000000000000e+05,1.706620000000000000e+05
5.972090000000000000e+05,1.701670000000000000e+05
6.064380000000000000e+05,1.750180000000000000e+05
6.077530000000000000e+05,1.737030000000000000e+05
3.129350000000000000e+05,9.922900000000000000e+04
3.135430000000000000e+05,9.350100000000000000e+04
4.539760000000000000e+05,1.297200000000000000e+05
4.608350000000000000e+05,1.351490000000000000e+05
4.545900000000000000e+05,1.352340000000000000e+05
4.618140000000000000e+05,1.372620000000000000e+05
3.795030000000000000e+05,1.104970000000000000e+05
3.808010000000000000e+05,1.148150000000000000e+05
1.979010000000000000e+05,5.813500000000000000e+04
1.981920000000000000e+05,5.987200000000000000e+04
2.473660000000000000e+05,7.299000000000000000e+04
2.486780000000000000e+05,7.622200000000000000e+04
6.268560000000000000e+05,1.795480000000000000e+05
6.138140000000000000e+05,1.782860000000000000e+05
6.276880000000000000e+05,1.823120000000000000e+05
6.155910000000000000e+05,1.765090000000000000e+05
3.102440000000000000e+05,1.044920000000000000e+05
3.099580000000000000e+05,8.946600000000000000e+04
3.799190000000000000e+05,1.128850000000000000e+05
3.827570000000000000e+05,1.128590000000000000e+05
6.235930000000000000e+05,1.828110000000000000e+05
6.131810000000000000e+05,1.789190000000000000e+05
6.241050000000000000e+05,1.858950000000000000e+05
6.153870000000000000e+05,1.802770000000000000e+05
1.511830000000000000e+05,4.418100000000000000e+04
1.503460000000000000e+05,4.501800000000000000e+04
2.492740000000000000e+05,7.335000000000000000e+04
2.506380000000000000e+05,8.113800000000000000e+04
2.481590000000000000e+05,7.446500000000000000e+04
2.504120000000000000e+05,7.677200000000000000e+04
3.746220000000000000e+05,1.097940000000000000e+05
3.741590000000000000e+05,1.130450000000000000e+05
4.471440000000000000e+05,1.304560000000000000e+05
4.459440000000000000e+05,1.286200000000000000e+05
5.261700000000000000e+05,1.528060000000000000e+05
5.253040000000000000e+05,1.569720000000000000e+05
4.409530000000000000e+05,1.305830000000000000e+05
4.438030000000000000e+05,1.337970000000000000e+05
3.132100000000000000e+05,9.128600000000000000e+04
3.222450000000000000e+05,9.507100000000000000e+04
3.132020000000000000e+05,9.129400000000000000e+04
3.222660000000000000e+05,9.505000000000000000e+04
3.198950000000000000e+05,9.484100000000000000e+04
3.194350000000000000e+05,9.272900000000000000e+04
5.029880000000000000e+05,1.531120000000000000e+05
5.060860000000000000e+05,1.532580000000000000e+05
1.853690000000000000e+05,5.473100000000000000e+04
1.845820000000000000e+05,5.356200000000000000e+04
2.902980000000000000e+05,9.658600000000000000e+04
2.887320000000000000e+05,9.319200000000000000e+04
1.514500000000000000e+05,4.568600000000000000e+04
1.509050000000000000e+05,4.623100000000000000e+04
1.516360000000000000e+05,4.906800000000000000e+04
1.510590000000000000e+05,4.430500000000000000e+04
1.500440000000000000e+05,4.532000000000000000e+04
1.488300000000000000e+05,4.477000000000000000e+04
1.493400000000000000e+05,4.426000000000000000e+04
1.490150000000000000e+05,4.458500000000000000e+04
1.984930000000000000e+05,6.365100000000000000e+04
1.974050000000000000e+05,5.661100000000000000e+04
1.493340000000000000e+05,5.497000000000000000e+04
1.485000000000000000e+05,4.686400000000000000e+04
1.491880000000000000e+05,4.441200000000000000e+04
1.492520000000000000e+05,5.505200000000000000e+04
1.969450000000000000e+05,6.111900000000000000e+04
1.966110000000000000e+05,5.942500000000000000e+04
1.551600000000000000e+05,4.734000000000000000e+04
1.547030000000000000e+05,4.421300000000000000e+04
1.595670000000000000e+05,4.836900000000000000e+04
1.576990000000000000e+05,4.660500000000000000e+04
1.529040000000000000e+05,4.959600000000000000e+04
1.533240000000000000e+05,4.559200000000000000e+04
1.537240000000000000e+05,5.058000000000000000e+04
1.546100000000000000e+05,4.609400000000000000e+04
1.586720000000000000e+05,5.848400000000000000e+04
1.569880000000000000e+05,4.731600000000000000e+04
1.589620000000000000e+05,4.715400000000000000e+04
1.599980000000000000e+05,4.793800000000000000e+04
1.773760000000000000e+05,5.302400000000000000e+04
1.761420000000000000e+05,5.618200000000000000e+04
1.784080000000000000e+05,5.391600000000000000e+04
1.792940000000000000e+05,5.496200000000000000e+04
1.793510000000000000e+05,5.297300000000000000e+04
1.785590000000000000e+05,5.184100000000000000e+04
5.207640000000000000e+05,1.516360000000000000e+05
5.222040000000000000e+05,1.534800000000000000e+05
8.017050000000000000e+05,2.305510000000000000e+05
7.991200000000000000e+05,2.290760000000000000e+05
5.971910000000000000e+05,1.701850000000000000e+05
5.985800000000000000e+05,1.758200000000000000e+05
5.944090000000000000e+05,1.799910000000000000e+05
5.952610000000000000e+05,1.721150000000000000e+05
6.066270000000000000e+05,1.748290000000000000e+05
6.089140000000000000e+05,1.760820000000000000e+05
5.959600000000000000e+05,1.819640000000000000e+05
5.984660000000000000e+05,1.724180000000000000e+05
4.052050000000000000e+05,1.189710000000000000e+05
4.110020000000000000e+05,1.218980000000000000e+05
2.010470000000000000e+05,6.109700000000000000e+04
2.003660000000000000e+05,5.769800000000000000e+04
2.003950000000000000e+05,5.970500000000000000e+04
2.003100000000000000e+05,5.979000000000000000e+04
2.012430000000000000e+05,6.090100000000000000e+04
2.011190000000000000e+05,5.898100000000000000e+04
3.898710000000000000e+05,1.142290000000000000e+05
3.912860000000000000e+05,1.156580000000000000e+05
2.016310000000000000e+05,6.051300000000000000e+04
2.018620000000000000e+05,6.028200000000000000e+04
3.821360000000000000e+05,1.134800000000000000e+05
3.818260000000000000e+05,1.109780000000000000e+05
3.807100000000000000e+05,1.149060000000000000e+05
3.816690000000000000e+05,1.111350000000000000e+05
2.566130000000000000e+05,7.978700000000000000e+04
2.564700000000000000e+05,7.530600000000000000e+04
5.368030000000000000e+05,1.554210000000000000e+05
5.389770000000000000e+05,1.532470000000000000e+05
3.825470000000000000e+05,1.130690000000000000e+05
3.841600000000000000e+05,1.171040000000000000e+05
3.180000000000000000e+05,9.673600000000000000e+04
3.191480000000000000e+05,9.816800000000000000e+04
3.126130000000000000e+05,9.698700000000000000e+04
3.123160000000000000e+05,9.984800000000000000e+04
6.329630000000000000e+05,1.878730000000000000e+05
6.352500000000000000e+05,1.892140000000000000e+05
1.250360000000000000e+05,3.980000000000000000e+04
1.261650000000000000e+05,3.867100000000000000e+04
1.928600000000000000e+05,5.914400000000000000e+04
1.940550000000000000e+05,5.794900000000000000e+04
3.226620000000000000e+05,9.724200000000000000e+04
3.207230000000000000e+05,9.659300000000000000e+04
5.417830000000000000e+05,1.571130000000000000e+05
5.382410000000000000e+05,1.573150000000000000e+05
3.303380000000000000e+05,1.026260000000000000e+05
3.317470000000000000e+05,1.012170000000000000e+05
1.723160000000000000e+05,5.236000000000000000e+04
1.731520000000000000e+05,5.152400000000000000e+04
3.800420000000000000e+05,1.183940000000000000e+05
3.801250000000000000e+05,1.126790000000000000e+05
3.844910000000000000e+05,1.111250000000000000e+05
3.858700000000000000e+05,1.153940000000000000e+05
4.678230000000000000e+05,1.374610000000000000e+05
4.655160000000000000e+05,1.428840000000000000e+05
4.547420000000000000e+05,1.443340000000000000e+05
4.571280000000000000e+05,1.450480000000000000e+05
4.916900000000000000e+05,1.483100000000000000e+05
4.885680000000000000e+05,1.450480000000000000e+05
7.229780000000000000e+05,2.101780000000000000e+05
7.229960000000000000e+05,2.140280000000000000e+05
3.645000000000000000e+05,1.143640000000000000e+05
3.635070000000000000e+05,1.098370000000000000e+05
2.092400000000000000e+05,6.324400000000000000e+04
2.102530000000000000e+05,6.432300000000000000e+04
1.353030000000000000e+05,4.788100000000000000e+04
1.349440000000000000e+05,4.145600000000000000e+04
1.995550000000000000e+05,5.850900000000000000e+04
2.006060000000000000e+05,6.153800000000000000e+04
3.367690000000000000e+05,1.014750000000000000e+05
3.352450000000000000e+05,1.029990000000000000e+05
3.271950000000000000e+05,1.005210000000000000e+05
3.258460000000000000e+05,9.665400000000000000e+04
2.449990000000000000e+05,7.309700000000000000e+04
2.454410000000000000e+05,7.491500000000000000e+04
3.974030000000000000e+05,1.181210000000000000e+05
3.986420000000000000e+05,1.197580000000000000e+05
2.954020000000000000e+05,8.899800000000000000e+04
2.940620000000000000e+05,9.282200000000000000e+04
4.640010000000000000e+05,1.381750000000000000e+05
4.622580000000000000e+05,1.430260000000000000e+05
6.209760000000000000e+05,1.854280000000000000e+05
6.178160000000000000e+05,1.885880000000000000e+05
3.138630000000000000e+05,9.573700000000000000e+04
3.153980000000000000e+05,9.420200000000000000e+04
1.221240000000000000e+05,3.628000000000000000e+04
1.242240000000000000e+05,4.061200000000000000e+04
3.190990000000000000e+05,9.306500000000000000e+04
3.189960000000000000e+05,9.574000000000000000e+04
5.039780000000000000e+05,1.456580000000000000e+05
5.073410000000000000e+05,1.520030000000000000e+05
5.627640000000000000e+05,1.631400000000000000e+05
5.624650000000000000e+05,1.668510000000000000e+05
4.453790000000000000e+05,1.291850000000000000e+05
4.452050000000000000e+05,1.354390000000000000e+05
6.325190000000000000e+05,1.810850000000000000e+05
6.331630000000000000e+05,1.840530000000000000e+05
3.258420000000000000e+05,9.406200000000000000e+04
3.270300000000000000e+05,9.547000000000000000e+04
2.043770000000000000e+05,6.187900000000000000e+04
2.035650000000000000e+05,6.891900000000000000e+04
3.212220000000000000e+05,9.609400000000000000e+04
3.204070000000000000e+05,9.690900000000000000e+04
5.392050000000000000e+05,1.563510000000000000e+05
5.385540000000000000e+05,1.670460000000000000e+05
8.648770000000000000e+05,2.587230000000000000e+05
8.658650000000000000e+05,2.534990000000000000e+05
1.785270000000000000e+05,5.572900000000000000e+04
1.784620000000000000e+05,5.386200000000000000e+04
3.238840000000000000e+05,9.861600000000000000e+04
3.230240000000000000e+05,9.688000000000000000e+04
1.346260000000000000e+05,4.345800000000000000e+04
1.360010000000000000e+05,4.039900000000000000e+04
2.598740000000000000e+05,7.652600000000000000e+04
2.617020000000000000e+05,7.702200000000000000e+04
2.053830000000000000e+05,6.087300000000000000e+04
2.052960000000000000e+05,6.302800000000000000e+04
3.110890000000000000e+05,9.086700000000000000e+04
3.117130000000000000e+05,9.024300000000000000e+04
